
Seq1=:
1 1 2 2 2 3 3 3 4 4 2 2 
1 2 3 4 2 
2 3 3 2 2 
4 1 2 3 4 3 2 1 2 3 4 
2 2 2 2 2 2 2 2 2 2 2 


0	0	0	0	0	0	0	0	2	2	1	0	
0	0	0	0	0	0	0	0	2	4	3	2	
2	2	1	0	0	0	0	0	1	3	3	2	
2	4	3	2	1	0	0	0	0	2	2	2	
1	3	6	5	4	3	2	1	0	1	4	4	
0	2	5	8	7	6	5	4	3	2	3	6	
0	1	4	7	7	9	8	7	6	5	4	5	
0	0	3	6	6	9	11	10	9	8	7	6	
0	0	2	5	5	8	10	10	12	11	10	9	
0	0	1	4	4	7	9	9	12	14	13	12	
0	0	0	3	3	6	9	11	11	13	13	12	
0	0	0	2	2	5	8	11	10	12	12	12	
0	0	2	2	4	4	7	10	10	11	14	14	
0	0	2	4	4	3	6	9	9	10	13	16	
2	2	1	3	3	3	5	8	8	9	12	15	
2	4	3	2	2	2	4	7	7	8	11	14	
1	3	6	5	4	3	3	6	6	7	10	13	
0	2	5	8	7	6	5	5	5	6	9	12	
0	1	4	7	7	9	8	7	6	5	8	11	
0	0	3	6	6	9	11	10	9	8	7	10	
0	0	2	5	5	8	10	10	12	11	10	9	
0	0	1	4	4	7	9	9	12	14	13	12	



-	0	-	-	0	-	-	0	-	2	-	0	
0	0	0	0	0	0	0	0	2	4	3	2	
-	2	-	-	0	-	-	0	-	3	-	2	
2	4	3	2	1	0	0	0	0	2	2	2	
-	3	-	-	4	-	-	1	-	1	-	4	
0	2	5	8	7	6	5	4	3	2	3	6	
-	1	-	-	7	-	-	7	-	5	-	5	
0	0	3	6	6	9	11	10	9	8	7	6	
-	0	-	-	5	-	-	10	-	11	-	9	
0	0	1	4	4	7	9	9	12	14	13	12	
-	0	-	-	3	-	-	11	-	13	-	12	
0	0	0	2	2	5	8	11	10	12	12	12	
-	0	-	-	4	-	-	10	-	11	-	14	
0	0	2	4	4	3	6	9	9	10	13	16	
-	2	-	-	3	-	-	8	-	9	-	15	
2	4	3	2	2	2	4	7	7	8	11	14	
-	3	-	-	4	-	-	6	-	7	-	13	
0	2	5	8	7	6	5	5	5	6	9	12	
-	1	-	-	7	-	-	7	-	5	-	11	
0	0	3	6	6	9	11	10	9	8	7	10	
-	0	-	-	5	-	-	10	-	11	-	9	
0	0	1	4	4	7	9	9	12	14	13	12	
