9	18.000000	18.000000	18.000000	18.000000
3	6.000000	6.000000	6.000000	6.000000
6	12.000000	12.000000	12.000000	12.000000
70	46.000000	140.000000	59.000000	56.000000
191	51.000000	382.000000	85.000000	68.000000
168	53.000000	336.000000	75.000000	65.000000
142	64.000000	284.000000	88.000000	81.000000
101	70.000000	202.000000	84.000000	83.000000
106	84.000000	212.000000	112.000000	107.000000
131	90.000000	262.000000	97.000000	93.000000
131	101.000000	262.000000	125.000000	119.000000
98	71.000000	196.000000	71.000000	67.000000
100	54.000000	200.000000	49.000000	47.000000
26	29.000000	52.000000	50.000000	48.000000
47	48.000000	94.000000	53.000000	52.000000
71	69.000000	142.000000	73.000000	69.000000
89	78.000000	178.000000	75.000000	69.000000
128	61.000000	256.000000	66.000000	61.000000
100	64.000000	200.000000	68.000000	65.000000
20	37.000000	40.000000	34.000000	33.000000
50	70.000000	100.000000	78.000000	77.000000
53	70.000000	106.000000	81.000000	80.000000
61	86.000000	122.000000	100.000000	99.000000
69	69.000000	138.000000	77.000000	75.000000
63	83.000000	126.000000	100.000000	99.000000
60	63.000000	120.000000	70.000000	69.000000
60	72.000000	120.000000	68.000000	68.000000
39	56.000000	78.000000	56.000000	54.000000
60	72.000000	120.000000	76.000000	76.000000
91	69.000000	182.000000	70.000000	70.000000
105	53.000000	210.000000	64.000000	62.000000
158	74.000000	316.000000	75.000000	72.000000
155	63.000000	310.000000	70.000000	68.000000
69	58.000000	138.000000	59.000000	57.000000
64	73.000000	128.000000	82.000000	81.000000
63	71.000000	126.000000	75.000000	73.000000
55	74.000000	110.000000	86.000000	79.000000
65	81.000000	130.000000	87.000000	84.000000
96	72.000000	192.000000	78.000000	77.000000
84	73.000000	168.000000	78.000000	78.000000
76	71.000000	152.000000	75.000000	69.000000
86	73.000000	172.000000	90.000000	83.000000
85	108.000000	170.000000	117.000000	116.000000
86	99.000000	172.000000	122.000000	120.000000
66	68.000000	132.000000	72.000000	70.000000
81	69.000000	162.000000	68.000000	66.000000
104	74.000000	208.000000	79.000000	77.000000
72	61.000000	144.000000	72.000000	72.000000
108	73.000000	216.000000	84.000000	84.000000
99	84.000000	198.000000	104.000000	95.000000
60	55.000000	120.000000	66.000000	66.000000
82	72.000000	164.000000	100.000000	97.000000
83	72.000000	166.000000	96.000000	95.000000
138	98.000000	276.000000	122.000000	115.000000
118	85.000000	236.000000	100.000000	99.000000
65	57.000000	130.000000	74.000000	71.000000
75	74.000000	150.000000	81.000000	80.000000
63	55.000000	126.000000	63.000000	59.000000
91	72.000000	182.000000	72.000000	70.000000
92	61.000000	184.000000	69.000000	66.000000
93	72.000000	186.000000	82.000000	79.000000
109	87.000000	218.000000	117.000000	117.000000
97	76.000000	194.000000	92.000000	89.000000
70	68.000000	140.000000	72.000000	69.000000
23	46.000000	46.000000	46.000000	46.000000
9	18.000000	18.000000	18.000000	18.000000
4	8.000000	8.000000	8.000000	8.000000
1	2.000000	2.000000	2.000000	2.000000
24	34.000000	48.000000	34.000000	34.000000
71	56.000000	142.000000	62.000000	58.000000
68	59.000000	136.000000	63.000000	56.000000
46	61.000000	92.000000	72.000000	66.000000
41	61.000000	82.000000	66.000000	63.000000
44	54.000000	88.000000	62.000000	61.000000
70	68.000000	140.000000	75.000000	69.000000
76	76.000000	152.000000	87.000000	86.000000
94	103.000000	188.000000	99.000000	96.000000
78	70.000000	156.000000	75.000000	73.000000
75	70.000000	150.000000	81.000000	64.000000
77	70.000000	154.000000	72.000000	67.000000
76	75.000000	152.000000	79.000000	73.000000
129	81.000000	258.000000	84.000000	84.000000
128	80.000000	256.000000	78.000000	73.000000
78	58.000000	156.000000	68.000000	66.000000
122	69.000000	244.000000	62.000000	57.000000
106	46.000000	212.000000	65.000000	56.000000
116	69.000000	232.000000	77.000000	77.000000
70	74.000000	140.000000	91.000000	82.000000
112	82.000000	224.000000	95.000000	94.000000
105	84.000000	210.000000	122.000000	122.000000
46	54.000000	92.000000	57.000000	54.000000
65	53.000000	130.000000	65.000000	61.000000
111	100.000000	222.000000	132.00000